Inspecting latest run: /home/firza/MuJoCo-drones-gym/results/krti_single_rl_jax/tensorboard/run_89
Reading /home/firza/MuJoCo-drones-gym/results/krti_single_rl_jax/tensorboard/run_89/events.out.tfevents.1783001794.DEX.140451.0

Tag: eval/walltime
      t |       step |      value
    0.0 |          0 |   122.1098
    0.1 |    1992294 |   149.5227
    0.2 |    3984589 |   154.0703
    0.3 |    5976883 |   158.2474
    0.4 |    7969178 |   162.7004
    0.5 |    9961472 |   167.0676
    0.6 |   11953766 |   171.3879
    0.7 |   13946061 |   175.6475
    0.8 |   15938355 |   179.9223
    0.9 |   17930650 |   184.2579
    1.0 |   19922944 |   188.6395
  shape: early→mid: up, mid→late: up 

Tag: eval/episode_cleared_gate
      t |       step |      value
    0.0 |          0 |     0.0000
    0.1 |    1992294 |     0.0656
    0.2 |    3984589 |     0.0172
    0.3 |    5976883 |     0.0250
    0.4 |    7969178 |     0.0031
    0.5 |    9961472 |     0.0195
    0.6 |   11953766 |     0.0094
    0.7 |   13946061 |     0.0000
    0.8 |   15938355 |     0.0000
    0.9 |   17930650 |     0.0000
    1.0 |   19922944 |     0.0000
  shape: early→mid: down, mid→late: down

Tag: eval/episode_crashed
      t |       step |      value
    0.0 |          0 |     0.0078
    0.1 |    1992294 |     0.5109
    0.2 |    3984589 |     0.2687
    0.3 |    5976883 |     0.7727
    0.4 |    7969178 |     0.9969
    0.5 |    9961472 |     0.6836
    0.6 |   11953766 |     0.9906
    0.7 |   13946061 |     0.9977
    0.8 |   15938355 |     1.0000
    0.9 |   17930650 |     1.0000
    1.0 |   19922944 |     1.0000
  shape: early→mid: up, mid→late: up

Tag: eval/episode_gate_collided
      t |       step |      value
    0.0 |          0 |     0.0000
    0.1 |    1992294 |     0.1328
    0.2 |    3984589 |     0.0312
    0.3 |    5976883 |     0.0141
    0.4 |    7969178 |     0.0031
    0.5 |    9961472 |     0.0156
    0.6 |   11953766 |     0.0000
    0.7 |   13946061 |     0.0055
    0.8 |   15938355 |     0.0062
    0.9 |   17930650 |     0.0000
    1.0 |   19922944 |     0.0000
  shape: early→mid: down, mid→late: down

Tag: eval/episode_gate_distance
      t |       step |      value
    0.0 |          0 |  5911.5605
    0.1 |    1992294 |  2964.2219
    0.2 |    3984589 |  4568.3400
    0.3 |    5976883 |  3938.6984
    0.4 |    7969178 |  1925.6635
    0.5 |    9961472 |  3442.5520
    0.6 |   11953766 |  3105.8744
    0.7 |   13946061 |  2858.7882
    0.8 |   15938355 |  2635.2297
    0.9 |   17930650 |  5062.9070
    1.0 |   19922944 |  2815.8450
  shape: early→mid: down, mid→late: up

Tag: eval/episode_reward
      t |       step |      value
    0.0 |          0 |    77.1252
    0.1 |    1992294 |   119.9056
    0.2 |    3984589 |   120.2502
    0.3 |    5976883 |    41.3610
    0.4 |    7969178 |   -48.5646
    0.5 |    9961472 |    10.2707
    0.6 |   11953766 |   -34.4604
    0.7 |   13946061 |   -61.0607
    0.8 |   15938355 |   -74.3411
    0.9 |   17930650 |   -69.3499
    1.0 |   19922944 |   -75.0540
  shape: early→mid: down, mid→late: down

Tag: eval/episode_cleared_gate_std
      t |       step |      value
    0.0 |          0 |     0.0000
    0.1 |    1992294 |     0.2452
    0.2 |    3984589 |     0.0561
    0.3 |    5976883 |     0.1502
    0.4 |    7969178 |     0.0352
    0.5 |    9961472 |     0.0969
    0.6 |   11953766 |     0.0744
    0.7 |   13946061 |     0.0000
    0.8 |   15938355 |     0.0000
    0.9 |   17930650 |     0.0000
    1.0 |   19922944 |     0.0000
  shape: early→mid: down, mid→late: down

Tag: eval/episode_crashed_std
      t |       step |      value
    0.0 |          0 |     0.0880
    0.1 |    1992294 |     0.4795
    0.2 |    3984589 |     0.4371
    0.3 |    5976883 |     0.4053
    0.4 |    7969178 |     0.0352
    0.5 |    9961472 |     0.2410
    0.6 |   11953766 |     0.0744
    0.7 |   13946061 |     0.0264
    0.8 |   15938355 |     0.0000
    0.9 |   17930650 |     0.0000
    1.0 |   19922944 |     0.0000
  shape: early→mid: down, mid→late: down

Tag: eval/episode_gate_collided_std
      t |       step |      value
    0.0 |          0 |     0.0000
    0.1 |    1992294 |     0.3371
    0.2 |    3984589 |     0.1694
    0.3 |    5976883 |     0.0634
    0.4 |    7969178 |     0.0352
    0.5 |    9961472 |     0.1240
    0.6 |   11953766 |     0.0000
    0.7 |   13946061 |     0.0616
    0.8 |   15938355 |     0.0704
    0.9 |   17930650 |     0.0000
    1.0 |   19922944 |     0.0000
  shape: early→mid: down, mid→late: down

Tag: eval/episode_gate_distance_std
      t |       step |      value
    0.0 |          0 |  1373.5701
    0.1 |    1992294 |   967.4890
    0.2 |    3984589 |  1678.4471
    0.3 |    5976883 |  1554.7194
    0.4 |    7969178 |   764.6173
    0.5 |    9961472 |  1361.6702
    0.6 |   11953766 |  1187.3043
    0.7 |   13946061 |  1144.3745
    0.8 |   15938355 |   646.0674
    0.9 |   17930650 |  3515.4530
    1.0 |   19922944 |   903.2563
  shape: early→mid: flat, mid→late: up

Tag: eval/episode_reward_std
      t |       step |      value
    0.0 |          0 |    30.4726
    0.1 |    1992294 |    84.3673
    0.2 |    3984589 |    70.0589
    0.3 |    5976883 |    68.2503
    0.4 |    7969178 |    34.1181
    0.5 |    9961472 |    49.2320
    0.6 |   11953766 |    36.3321
    0.7 |   13946061 |    23.8339
    0.8 |   15938355 |    20.8065
    0.9 |   17930650 |    17.6041
    1.0 |   19922944 |    15.4983
  shape: early→mid: down, mid→late: down

Tag: eval/avg_episode_length
      t |       step |      value
    0.0 |          0 |   449.9219
    0.1 |    1992294 |   381.2641
    0.2 |    3984589 |   405.9766
    0.3 |    5976883 |   316.2711
    0.4 |    7969178 |   159.1734
    0.5 |    9961472 |   253.3203
    0.6 |   11953766 |   231.7078
    0.7 |   13946061 |   204.2320
    0.8 |   15938355 |   175.2719
    0.9 |   17930650 |   225.3555
    1.0 |   19922944 |   182.8984
  shape: early→mid: down, mid→late: down

Tag: eval/std_episode_length
      t |       step |      value
    0.0 |          0 |     0.8804
    0.1 |    1992294 |    85.4111
    0.2 |    3984589 |    81.3026
    0.3 |    5976883 |   102.7318
    0.4 |    7969178 |    46.6440
    0.5 |    9961472 |    73.6752
    0.6 |   11953766 |    53.1509
    0.7 |   13946061 |    37.0341
    0.8 |   15938355 |    19.8280
    0.9 |   17930650 |    82.0907
    1.0 |   19922944 |    31.5220
  shape: early→mid: flat, mid→late: down

Tag: eval/epoch_eval_time
      t |       step |      value
    0.0 |          0 |   122.1098
    0.1 |    1992294 |     4.5807
    0.2 |    3984589 |     2.3844
    0.3 |    5976883 |     2.1344
    0.4 |    7969178 |     2.3838
    0.5 |    9961472 |     2.2987
    0.6 |   11953766 |     2.2276
    0.7 |   13946061 |     2.2872
    0.8 |   15938355 |     2.2389
    0.9 |   17930650 |     2.2853
    1.0 |   19922944 |     2.2416
  shape: early→mid: down, mid→late: flat

Tag: eval/sps
      t |       step |      value
    0.0 |          0 |   471.7065
    0.1 |    1992294 | 23055.3773
    0.2 |    3984589 | 24157.9211
    0.3 |    5976883 | 27013.5035
    0.4 |    7969178 | 24164.5426
    0.5 |    9961472 | 25073.2607
    0.6 |   11953766 | 25884.0102
    0.7 |   13946061 | 25183.9684
    0.8 |   15938355 | 25729.0727
    0.9 |   17930650 | 25209.4121
    1.0 |   19922944 | 25695.9336
  shape: early→mid: up, mid→late: flat
